                print(f"""
                  \x1b[38;2;255;0;255m╔\x1b[38;2;237;18;255m═\x1b[38;2;231;24;255m╗\x1b[38;2;225;30;255m╔╦\x1b[38;2;219;36;255m╗\x1b[38;2;213;42;255m╔\x1b[38;2;207;48;255m╦╗\x1b[38;2;201;54;255m╔═\x1b[38;2;195;60;255m╗\x1b[38;2;189;66;255m╔═\x1b[38;2;183;72;255m╗\x1b[38;2;177;78;255m╦\x1b[38;2;171;84;255m╔\x1b[38;2;165;90;255m═  \x1b[38;2;159;96;255m╔\x1b[38;2;153;102;255m═\x1b[38;2;147;108;255m╗\x1b[38;2;141;114;255m╔\x1b[38;2;135;120;255m═\x1b[38;2;129;126;255m╗\x1b[38;2;123;132;255m╔\x1b[38;2;117;138;255m╗\x1b[38;2;111;144;255m╔\x1b[38;2;87;168;255m╔\x1b[38;2;81;174;255m╦\x1b[38;2;75;180;255m╗
                  \x1b[38;2;255;0;255m╠\x1b[38;2;237;18;255m═\x1b[38;2;231;24;255m╣ \x1b[38;2;225;30;255m║  \x1b[38;2;219;36;255m║ \x1b[38;2;213;42;255m╠═\x1b[38;2;207;48;255m╣\x1b[38;2;201;54;255m║  \x1b[38;2;195;60;255m╠\x1b[38;2;189;66;255m╩\x1b[38;2;183;72;255m╗ \x1b[38;2;177;78;255m ╚\x1b[38;2;171;84;255m═\x1b[38;2;165;90;255m╗\x1b[38;2;159;96;255m║\x1b[38;2;153;102;255m╣\x1b[38;2;147;108;255m ║\x1b[38;2;141;114;255m║\x1b[38;2;135;120;255m║\x1b[38;2;75;180;255m ║\x1b[38;2;75;180;255m║
                  \x1b[38;2;255;0;255m╩ \x1b[38;2;237;18;255m╩ \x1b[38;2;231;24;255m╩ \x1b[38;2;225;30;255m ╩ \x1b[38;2;219;36;255m╩ \x1b[38;2;213;42;255m╩\x1b[38;2;207;48;255m╚═\x1b[38;2;201;54;255m╝\x1b[38;2;195;60;255m╩ \x1b[38;2;189;66;255m╩  \x1b[38;2;183;72;255m╚\x1b[38;2;177;78;255m═\x1b[38;2;171;84;255m╝\x1b[38;2;165;90;255m╚\x1b[38;2;159;96;255m═\x1b[38;2;153;102;255m╝\x1b[38;2;147;108;255m╝\x1b[38;2;141;114;255m╚\x1b[38;2;135;120;255m╝\x1b[38;2;87;168;255m═\x1b[38;2;75;180;255m╩\x1b[38;2;75;180;255m╝
                \x1b[38;2;243;12;255m╚╦\x1b[38;2;237;18;255m══\x1b[38;2;231;24;255m══\x1b[38;2;225;30;255m══\x1b[38;2;219;36;255m══\x1b[38;2;213;42;255m══\x1b[38;2;207;48;255m══\x1b[38;2;201;54;255m═\x1b[38;2;195;60;255m═\x1b[38;2;189;66;255m═\x1b[38;2;183;72;255m═\x1b[38;2;177;78;255m═\x1b[38;2;171;84;255m═\x1b[38;2;165;90;255m═\x1b[38;2;159;96;255m═\x1b[38;2;153;102;255m═\x1b[38;2;147;108;255m═\x1b[38;2;141;114;255m═\x1b[38;2;135;120;255m═\x1b[38;2;129;126;255m═\x1b[38;2;123;132;255m═\x1b[38;2;117;138;255m═\x1b[38;2;111;144;255m═\x1b[38;2;105;150;255m═\x1b[38;2;99;156;255m═\x1b[38;2;93;162;255m═\x1b[38;2;87;168;255m═\x1b[38;2;81;174;255m╦\x1b[38;2;75;180;255m╝
           \x1b[38;2;243;12;255m╔═════╩\x1b[38;2;237;18;255m══\x1b[38;2;231;24;255m══\x1b[38;2;225;30;255m══\x1b[38;2;219;36;255m══\x1b[38;2;213;42;255m══\x1b[38;2;207;48;255m══\x1b[38;2;201;54;255m═\x1b[38;2;195;60;255m═\x1b[38;2;189;66;255m═\x1b[38;2;183;72;255m═\x1b[38;2;177;78;255m═\x1b[38;2;171;84;255m═\x1b[38;2;165;90;255m═\x1b[38;2;159;96;255m═\x1b[38;2;153;102;255m═\x1b[38;2;147;108;255m═\x1b[38;2;141;114;255m═\x1b[38;2;135;120;255m═\x1b[38;2;129;126;255m═\x1b[38;2;123;132;255m═\x1b[38;2;117;138;255m═\x1b[38;2;111;144;255m═\x1b[38;2;105;150;255m═\x1b[38;2;99;156;255m═\x1b[38;2;93;162;255m═\x1b[38;2;87;168;255m═\x1b[38;2;81;174;255m╩═\x1b[38;2;75;180;255m════╗
                   👾 \x1b[38;2;0;255;255m𝑨𝒕𝒕𝒂𝒄𝒌 𝑺𝒖𝒄𝒄𝒆𝒔𝒔𝒇𝒖𝒍𝒍𝒚 𝑺𝒆𝒏𝒅 👾
                   
                   \x1b[38;2;255;255;255mTARGET   : [{url}]
                   PORT     : [{port}]
                   DURATION : [{time}]
                   METHOD   : [http-rand]
                   VIP      : [\x1b[38;2;0;212;14mTrue\x1b[38;2;255;255;255m]
           \x1b[38;2;243;12;255m╚══════\x1b[38;2;237;18;255m══\x1b[38;2;231;24;255m══\x1b[38;2;225;30;255m══\x1b[38;2;219;36;255m══\x1b[38;2;213;42;255m══\x1b[38;2;207;48;255m══\x1b[38;2;201;54;255m═\x1b[38;2;195;60;255m═\x1b[38;2;189;66;255m═\x1b[38;2;183;72;255m═\x1b[38;2;177;78;255m═\x1b[38;2;171;84;255m═\x1b[38;2;165;90;255m═\x1b[38;2;159;96;255m═\x1b[38;2;153;102;255m═\x1b[38;2;147;108;255m═\x1b[38;2;141;114;255m═\x1b[38;2;135;120;255m═\x1b[38;2;129;126;255m═\x1b[38;2;123;132;255m═\x1b[38;2;117;138;255m═\x1b[38;2;111;144;255m═\x1b[38;2;105;150;255m═\x1b[38;2;99;156;255m═\x1b[38;2;93;162;255m═\x1b[38;2;87;168;255m═\x1b[38;2;81;174;255m══\x1b[38;2;75;180;255m════╝\x1b[0m
                   
""")